-0.18     0 0.785 -1.57     0     0     0     0	5.02739 8.26774
   -0.179954 -2.09175e-05     0.789454     -1.57931   0.00914099  -0.00418349     0.890762     -1.86118	9.43712 4.72348
   -0.180429 -0.000356079     0.800535     -1.59654    -0.104043   -0.0628488      1.32542     -1.58606	7.47608  6.9946
  -0.181816 -0.00117159    0.814045    -1.60807   -0.173371   -0.100254     1.37668   -0.718639	5.29235 8.73394
 -0.183649 -0.0023121   0.826321   -1.61529  -0.193187  -0.127847    1.07847  -0.726448	3.24063 10.3507
  -0.185465 -0.00361793    0.835042     -1.6217    -0.17014   -0.133319    0.665705   -0.555535	3.02773 10.3129
  -0.187028 -0.00493003     0.84093    -1.62632   -0.142416   -0.129102    0.511904   -0.367487	 2.8626 10.2478
  -0.188305 -0.00618759    0.845589    -1.62935   -0.113006    -0.12241    0.419837   -0.239979	2.73555 10.1448
  -0.189289 -0.00737417    0.849401     -1.6312  -0.0836885   -0.114906    0.342739   -0.129971	2.63871 10.0093
  -0.189977 -0.00847985    0.852739     -1.6326  -0.0540107    -0.10623    0.324849   -0.148469	2.56606 9.85454
  -0.190376 -0.00949736    0.855986    -1.63429  -0.0257014  -0.0972721    0.324391   -0.191273	2.54243 9.71466
   -0.190509   -0.0104334      0.85892     -1.63571 -0.000996803   -0.0899306      0.26242   -0.0916023	2.56084 9.58008
 -0.190412  -0.011305   0.861017   -1.63568  0.0204071 -0.0843939   0.156987  0.0963423	2.57044 9.40422
 -0.190113 -0.0121249   0.862136   -1.63398  0.0395223 -0.0795884  0.0668556    0.24506	2.54386 9.17886
 -0.189632 -0.0128965    0.86256   -1.63121  0.0565883 -0.0747297  0.0179299   0.308015	2.49455  8.9361
  -0.188994  -0.0136197    0.862612    -1.62802   0.0711014  -0.0699115 -0.00750248    0.329755	2.44666 8.70688
 -0.188225 -0.0142971   0.862397   -1.62455  0.0826092 -0.0655748 -0.0355751   0.364167	2.40578 8.49506
 -0.187356 -0.0149342   0.861858   -1.62064  0.0911976 -0.0618462 -0.0720449    0.41845	2.36069 8.28825
 -0.186413 -0.0155358   0.860969   -1.61622  0.0973023 -0.0584682  -0.105795   0.466636	2.30227 8.08039
  -0.18542 -0.0161038   0.859804   -1.61143   0.101303 -0.0551341  -0.127306   0.489522	2.23332 7.87856
 -0.184397 -0.0166381   0.858479   -1.60653   0.103371 -0.0517273  -0.137672   0.490992	2.16269 7.69341
 -0.183362 -0.0171382   0.857072   -1.60165   0.103602 -0.0482843  -0.143632   0.485284	2.09578 7.52924
 -0.182333 -0.0176038   0.855608   -1.59683   0.102172 -0.0448386  -0.149292   0.479833	2.03227 7.38382
 -0.181326 -0.0180347   0.854092   -1.59207  0.0993601 -0.0413488  -0.153882   0.472016	1.97042 7.25421
 -0.180352 -0.0184302   0.852547   -1.58742  0.0954573 -0.0377407  -0.155129   0.456912	1.91086  7.1404
 -0.179421 -0.0187888   0.851008   -1.58297  0.0906923 -0.0339724  -0.152593   0.433901	1.85632 7.04429
 -0.178541 -0.0191089   0.849506   -1.57877  0.0852368 -0.0300498   -0.14779     0.4063	1.80922 6.96687
 -0.177719 -0.0193891   0.848056   -1.57485  0.0792493 -0.0259998  -0.142353   0.377362	1.77035  6.9072
 -0.176958 -0.0196283    0.84666   -1.57122  0.0728969 -0.0218439  -0.136817   0.347983	1.73949 6.86345
 -0.176262 -0.0198255   0.845321   -1.56789  0.0663437  -0.017595  -0.130917   0.317565	1.71648 6.83415
 -0.175631 -0.0199798   0.844044   -1.56488  0.0597284  -0.013269  -0.124473   0.285857	1.70166 6.81843
  -0.175067  -0.0200907    0.842833    -1.56218   0.0531583 -0.00889263   -0.117771    0.253606	1.69538 6.81551
  -0.174568  -0.0201576    0.841688     -1.5598    0.046718 -0.00450032   -0.111298    0.221912	1.69761 6.82425
  -0.174132  -0.0201808    0.840604    -1.55773   0.0404804 -0.00012743    -0.10535     0.19145	1.70791 6.84317
 -0.173757 -0.0201604   0.839578   -1.55597  0.0345088 0.00419383 -0.0999581   0.162355	1.72569 6.87084
  -0.17344 -0.0200973   0.838603   -1.55448  0.0288528 0.00843371  -0.095053   0.134599	1.75038   6.906
 -0.173178 -0.0199923   0.837674   -1.55327  0.0235465  0.0125631  -0.090632   0.108305	1.78148 6.94757
 -0.172967 -0.0198467   0.836787   -1.55231  0.0186102  0.0165532 -0.0867607  0.0837239	1.81841 6.99447
 -0.172804 -0.0196621   0.835936   -1.55158  0.0140549  0.0203773 -0.0834886  0.0610547	1.86048 7.04564
 -0.172684 -0.0194401   0.835115   -1.55108 0.00988455  0.0240116 -0.0807956  0.0403395	1.90697 7.10006
 -0.172604 -0.0191829   0.834318   -1.55077 0.00609691  0.0274364 -0.0786123  0.0215169	1.95718 7.15682
  -0.17256 -0.0188925    0.83354   -1.55064 0.00268363  0.0306348  -0.076867 0.00451604	2.01041 7.21512
   -0.172549   -0.0185714     0.832778     -1.55067 -0.000368961    0.0335931   -0.0755063   -0.0107064	2.06603 7.27427
  -0.172566  -0.0182219    0.832028    -1.55084 -0.00307827   0.0363006  -0.0744843  -0.0241938	2.12341 7.33363
  -0.172609  -0.0178467    0.831287    -1.55114 -0.00546399   0.0387495  -0.0737457  -0.0360226	2.18196 7.39265
  -0.172674  -0.0174482    0.830552    -1.55155 -0.00754727   0.0409353  -0.0732246  -0.0463029	 2.2411 7.45084
  -0.172758  -0.0170293    0.829822    -1.55206 -0.00935022   0.0428564  -0.0728545  -0.0551563	2.30033  7.5078
 -0.172859 -0.0165924   0.829095   -1.55265 -0.0108955  0.0445139 -0.0725771 -0.0626973	2.35918 7.56321
 -0.172975 -0.0161403    0.82837   -1.55331 -0.0122059  0.0459112 -0.0723436 -0.0690327	2.41724 7.61679
 -0.173102 -0.0156755   0.827648   -1.55403 -0.0133037  0.0470537 -0.0721105 -0.0742683	2.47414 7.66833
  -0.17324 -0.0152005   0.826928   -1.55479   -0.01421   0.047949 -0.0718376 -0.0785125	2.52956 7.71767
 -0.173386 -0.0147177   0.826212   -1.55559 -0.0149451  0.0486061  -0.071489 -0.0818727	2.58323 7.76467
 -0.173538 -0.0142295   0.825499   -1.55642 -0.0155281  0.0490358 -0.0710357 -0.0844493	 2.6349 7.80928
 -0.173696 -0.0137381   0.824791   -1.55728 -0.0159766  0.0492497 -0.0704556 -0.0863337	2.68441 7.85143
 -0.173857 -0.0132455   0.824091   -1.55815 -0.0163069  0.0492608 -0.0697333 -0.0876096	2.73158 7.89112
 -0.174021 -0.0127538   0.823398   -1.55903 -0.0165339  0.0490822  -0.068858 -0.0883549	2.77633 7.92835
 -0.174187 -0.0122647   0.822714   -1.55991 -0.0166709  0.0487282 -0.0678238 -0.0886412	2.81856 7.96316
 -0.174354   -0.01178   0.822042    -1.5608 -0.0167302  0.0482129 -0.0666287 -0.0885335	2.85823 7.99559
 -0.174522 -0.0113012   0.821382   -1.56168 -0.0167224  0.0475509 -0.0652754 -0.0880894	2.89531 8.02571
 -0.174689 -0.0108297   0.820737   -1.56256 -0.0166571  0.0467566 -0.0637698 -0.0873599	2.92982  8.0536
 -0.174855 -0.0103667   0.820108   -1.56343 -0.0165426  0.0458443 -0.0621209 -0.0863898	2.96178 8.07932
  -0.175019 -0.00991331    0.819495    -1.56428  -0.0163863   0.0448281    -0.06034  -0.0852188	2.99124 8.10299
  -0.175182 -0.00947056    0.818902    -1.56513  -0.0161947   0.0437216  -0.0584401  -0.0838815	3.01825 8.12468
  -0.175343 -0.00903926    0.818327    -1.56596  -0.0159733    0.042538  -0.0564355  -0.0824081	3.04289 8.14449
  -0.175501 -0.00862012    0.817773    -1.56678  -0.0157268     0.04129  -0.0543418  -0.0808242	3.06524 8.16253
  -0.175657 -0.00821373    0.817241    -1.56758  -0.0154594   0.0399895  -0.0521749   -0.079152	 3.0854 8.17889
  -0.175811 -0.00782054     0.81673    -1.56836  -0.0151747    0.038648  -0.0499511  -0.0774104	3.10347 8.19367
  -0.175961 -0.00744092    0.816242    -1.56913  -0.0148757   0.0372763  -0.0476864  -0.0756157	3.11956 8.20696
  -0.176108 -0.00707511    0.815776    -1.56987  -0.0145651   0.0358841  -0.0453966  -0.0737815	3.13378 8.21886
  -0.176252 -0.00672329    0.815334     -1.5706  -0.0142451   0.0344809  -0.0430969  -0.0719198	3.14624 8.22946
  -0.176393 -0.00638551    0.814914    -1.57131  -0.0139178   0.0330751  -0.0408017  -0.0700403	3.15705 8.23885
   -0.17653 -0.00606176    0.814518      -1.572  -0.0135848   0.0316745  -0.0385244  -0.0681517	3.16632 8.24711
  -0.176665 -0.00575196    0.814144    -1.57267  -0.0132477   0.0302862  -0.0362776  -0.0662613	3.17417 8.25433
  -0.176795 -0.00545595    0.813792    -1.57333  -0.0129078   0.0289165  -0.0340728  -0.0643753	 3.1807 8.26058
  -0.176923 -0.00517351    0.813462    -1.57396  -0.0125663   0.0275712    -0.03192  -0.0624993	3.18603 8.26595
  -0.177047 -0.00490437    0.813153    -1.57458  -0.0122244   0.0262553  -0.0298286  -0.0606382	3.19025 8.27049
  -0.177167 -0.00464823    0.812865    -1.57517  -0.0118831   0.0249732  -0.0278063  -0.0587963	3.19346 8.27429
  -0.177284 -0.00440472    0.812597    -1.57575  -0.0115432   0.0237286    -0.02586  -0.0569775	3.19577  8.2774
  -0.177398 -0.00417345    0.812348    -1.57631  -0.0112058    0.022525  -0.0239954  -0.0551853	3.19726 8.27988
  -0.177508 -0.00395401    0.812117    -1.57686  -0.0108716   0.0213648  -0.0222171  -0.0534232	3.19801  8.2818
  -0.177615 -0.00374593    0.811903    -1.57738  -0.0105414   0.0202505  -0.0205286   -0.051694	3.19812 8.28321
  -0.177719 -0.00354876    0.811705    -1.57789   -0.010216   0.0191838  -0.0189326  -0.0500008	3.19765 8.28416
   -0.17782 -0.00336201    0.811524    -1.57838 -0.00989621    0.018166  -0.0174308  -0.0483462	3.19669  8.2847
  -0.177917 -0.00318519    0.811356    -1.57886 -0.00958259    0.017198  -0.0160242  -0.0467328	3.19529 8.28487
  -0.178012  -0.0030178    0.811203    -1.57932 -0.00927586   0.0162806  -0.0147129  -0.0451629	3.19353 8.28472
  -0.178103 -0.00285932    0.811062    -1.57976 -0.00897665   0.0154139  -0.0134964   -0.043639	3.19146 8.28429
  -0.178191 -0.00270926    0.810932    -1.58019 -0.00868554   0.0145981  -0.0123737   -0.042163	3.18913 8.28362
  -0.178277 -0.00256711    0.810814    -1.58061 -0.00840308   0.0138328  -0.0113432  -0.0407369	 3.1866 8.28274
  -0.178359 -0.00243236    0.810705    -1.58101  -0.0081298   0.0131176  -0.0104029  -0.0393626	3.18391 8.28168
  -0.178439 -0.00230451    0.810605    -1.58139 -0.00786616   0.0124518 -0.00955032  -0.0380417	3.18111 8.28049
  -0.178517 -0.00218308    0.810514    -1.58177 -0.00761259   0.0118345 -0.00878275  -0.0367755	3.17824 8.27918
  -0.178591 -0.00206758    0.810429    -1.58213 -0.00736946   0.0112647 -0.00809721  -0.0355654	3.17533 8.27779
  -0.178664 -0.00195755    0.810351    -1.58248 -0.00713709   0.0107412  -0.0074905  -0.0344124	3.17241 8.27634
  -0.178734 -0.00185253    0.810279    -1.58282 -0.00691577   0.0102629 -0.00695931  -0.0333172	3.16952 8.27485
  -0.178802 -0.00175207    0.810212    -1.58314  -0.0067057  0.00982841 -0.00650018  -0.0322804	3.16668 8.27336
  -0.178868 -0.00165575    0.810149    -1.58346 -0.00650705  0.00943622 -0.00610964  -0.0313024	3.16392 8.27187
  -0.178933 -0.00156315    0.810089    -1.58377 -0.00631992  0.00908488 -0.00578415  -0.0303833	3.16126 8.27041
  -0.178995 -0.00147386    0.810033    -1.58407 -0.00614435  0.00877285 -0.00552023  -0.0295229	3.15871   8.269
  -0.179056  -0.0013875    0.809978    -1.58436 -0.00598033  0.00849856  -0.0053144  -0.0287207	3.15631 8.26765
  -0.179115 -0.00130371    0.809926    -1.58465 -0.00582778   0.0082604 -0.00516328   -0.027976	3.15406 8.26639
  -0.179172 -0.00122212    0.809875    -1.58492 -0.00568655  0.00805674 -0.00506354  -0.0272879	3.15198 8.26522
  -0.179228 -0.00114241    0.809825    -1.58519 -0.00555645  0.00788593   -0.005012  -0.0266551	3.15009 8.26417
  -0.179283 -0.00106425    0.809774    -1.58546  -0.0054372  0.00774634 -0.00500555  -0.0260762	3.14839 8.26324
   -0.179337 -0.000987332     0.809724     -1.58571   -0.0053285   0.00763631  -0.00504125   -0.0255492	 3.1469 8.26245
   -0.17939 -0.00091138    0.809673    -1.58597 -0.00522993  0.00755417 -0.00511628  -0.0250722	3.14564 8.26181
   -0.179442 -0.000836117     0.809622     -1.58622  -0.00514106   0.00749829  -0.00522794   -0.0246427	 3.1446 8.26134
   -0.179493 -0.000761291     0.809569     -1.58646  -0.00506137     0.007467  -0.00537369   -0.0242582	 3.1438 8.26105
   -0.179543 -0.000686663     0.809514      -1.5867  -0.00499028   0.00745865  -0.00555113   -0.0239156	3.14326 8.26094
   -0.179593 -0.000612011     0.809458     -1.58694  -0.00492717    0.0074716  -0.00575798    -0.023612	3.14297 8.26103
   -0.179642 -0.000537132     0.809399     -1.58717  -0.00487135    0.0075042   -0.0059921   -0.0233438	3.14295 8.26133
    -0.17969 -0.000461838     0.809338     -1.58741  -0.00482206   0.00755478  -0.00625146   -0.0231072	3.14321 8.26185
   -0.179738 -0.000385955     0.809274     -1.58764  -0.00477849   0.00762168  -0.00653412   -0.0228985	3.14376  8.2626
   -0.179786 -0.000309331     0.809207     -1.58786   -0.0047398   0.00770324  -0.00683826   -0.0227133	3.14459 8.26358
   -0.179833 -0.000231826     0.809137     -1.58809  -0.00470507   0.00779776  -0.00716211   -0.0225472	3.14573 8.26482
    -0.17988 -0.000153319     0.809063     -1.58831  -0.00467333   0.00790353  -0.00750398   -0.0223956	3.14718 8.26631
   -0.179926 -7.37076e-05     0.808987     -1.58854  -0.00464358   0.00801881  -0.00786219   -0.0222536	3.14896 8.26807
  -0.179973 7.09565e-06    0.808906    -1.58876 -0.00461478  0.00814185 -0.00823511  -0.0221161	3.15105  8.2701
  -0.180019  8.9159e-05    0.808822    -1.58898 -0.00458583  0.00827083 -0.00862107  -0.0219779	3.15349 8.27241
  -0.180064 0.000172533    0.808734     -1.5892  -0.0045556  0.00840391 -0.00901839  -0.0218336	3.15627 8.27501
   -0.18011 0.000257248    0.808641    -1.58942 -0.00452294  0.00853921 -0.00942533  -0.0216777	3.15941 8.27791
  -0.180155 0.000343318    0.808545    -1.58963 -0.00448668  0.00867476 -0.00984006  -0.0215045	3.16291 8.28111
    -0.1802 0.000430735    0.808445    -1.58985 -0.00444561  0.00880856  -0.0102606  -0.0213084	3.16679 8.28461
  -0.180244  0.00051947     0.80834    -1.59006 -0.00439853  0.00893855   -0.010685  -0.0210835	3.17104 8.28843
  -0.180287 0.000609476    0.808231    -1.59027 -0.00434421  0.00906258  -0.0111109  -0.0208241	3.17569 8.29256
  -0.180331 0.000700681    0.808118    -1.59047 -0.00428145  0.00917843  -0.0115359  -0.0205245	3.18072 8.29701
  -0.180373 0.000792992       0.808    -1.59068 -0.00420904  0.00928381  -0.0119573  -0.0201789	3.18617 8.30178
  -0.180415 0.000886293    0.807879    -1.59088 -0.00412581  0.00937635  -0.0123722  -0.0197818	3.19202 8.30687
  -0.180455 0.000980443    0.807753    -1.59107  -0.0040306  0.00945359  -0.0127773  -0.0193278	3.19828 8.31227
  -0.180495  0.00107528    0.807623    -1.59126 -0.00392229  0.00951298  -0.0131693  -0.0188115	3.20496 8.31799
  -0.180534   0.0011706     0.80749    -1.59145 -0.00379981  0.00955189  -0.0135443   -0.018228	3.21207 8.32402
  -0.180571   0.0012662    0.807352    -1.59163 -0.00366216  0.00956763  -0.0138981  -0.0175725	3.21959 8.33035
  -0.180607  0.00136182    0.807212     -1.5918 -0.00350837  0.00955738  -0.0142261  -0.0168406	3.22754 8.33698
  -0.180641   0.0014572    0.807068    -1.59196 -0.00333757  0.00951828  -0.0145236  -0.0160282	 3.2359 8.34389
  -0.180674  0.00155203    0.806921    -1.59212 -0.00314898  0.00944737  -0.0147852  -0.0151315	3.24468 8.35108
  -0.180704  0.00164597    0.806772    -1.59227 -0.00294187  0.00934166  -0.0150053  -0.0141472	3.25386 8.35853
  -0.180732  0.00173867    0.806622     -1.5924 -0.00271564  0.00919805  -0.0151779  -0.0130727	3.26344 8.36622
  -0.180758  0.00182973    0.806469    -1.59253 -0.00246976  0.00901343  -0.0152968  -0.0119053	3.27341 8.37414
  -0.180782  0.00191872    0.806316    -1.59264 -0.00220383  0.00878464  -0.0153553  -0.0106432	3.28374 8.38227
  -0.180802  0.00200519    0.806162    -1.59274 -0.00191752  0.00850849  -0.0153464 -0.00928503	3.29443 8.39058
   -0.18082  0.00208864    0.806009    -1.59283 -0.00161062  0.00818178  -0.0152631  -0.0078297	3.30544 8.39906
  -0.180834  0.00216855    0.805858     -1.5929 -0.00128302  0.00780132   -0.015098 -0.00627669	3.31676 8.40767
   -0.180846   0.00224438     0.805708     -1.59295 -0.000934696   0.00736396   -0.0148435  -0.00462586	3.32835 8.41639
   -0.180853   0.00231553     0.805561     -1.59299 -0.000565703   0.00686657   -0.0144923  -0.00287748	3.34018 8.42519
   -0.180857    0.0023814     0.805419     -1.59301 -0.000176181   0.00630611   -0.0140368  -0.00103209	3.35222 8.43405
  -0.180856  0.00244132    0.805281    -1.59301 0.000233668  0.00567961  -0.0134696 0.000909449	3.36442 8.44292
 -0.180852 0.00249464    0.80515   -1.59299 0.00066359 0.00498424 -0.0127837 0.00294611	3.37674 8.45178
 -0.180843 0.00254065   0.805026   -1.59295 0.00111329  0.0042173 -0.0119722 0.00507673	3.38913 8.46059
  -0.18083 0.00257862   0.804911   -1.59289 0.00158247 0.00337626 -0.0110286 0.00730009	3.40153 8.46931
 -0.180811 0.00260779   0.804806    -1.5928 0.00207078 0.00245878 -0.0099471   0.009615	3.41389 8.47791
  -0.180788   0.0026274    0.804713    -1.59269  0.00257792  0.00146277 -0.00872251   0.0120203	3.42614 8.48634
   -0.18076  0.00263665    0.804632    -1.59256  0.00310358 0.000386394 -0.00735035   0.0145152	3.43821 8.49456
   -0.180726   0.00263472     0.804566      -1.5924   0.00364747 -0.000771886  -0.00582702    0.0170987	3.45003 8.50253
  -0.180687  0.00262079    0.804517    -1.59222  0.00420934 -0.00201327 -0.00414991   0.0197704	3.46152 8.51019
  -0.180642  0.00259404    0.804484    -1.59201  0.00478896 -0.00333858 -0.00231748   0.0225298	3.47258 8.51749
  -0.180591   0.0025536    0.804471    -1.59177  0.00538609  -0.0047482 -0.00032937   0.0253769	3.48313 8.52436
  -0.180534  0.00249865    0.804478     -1.5915   0.0060005 -0.00624206  0.00181352   0.0283114	3.49304 8.53073
  -0.180471  0.00242834    0.804508     -1.5912  0.00663194 -0.00781951  0.00410892   0.0313332	3.50222 8.53653
 -0.180401 0.00234185   0.804561   -1.59087 0.00728006 -0.0094793 0.00655309  0.0344419	3.51051 8.54166
 -0.180325 0.00223835    0.80464   -1.59051 0.00794438 -0.0112195 0.00914074  0.0376365	3.51778 8.54601
 -0.180242 0.00211707   0.804745   -1.59012 0.00862427 -0.0130372  0.0118649  0.0409154	3.52384 8.54946
 -0.180152 0.00197724   0.804878   -1.58969  0.0093188 -0.0149288  0.0147167  0.0442757	3.52852 8.55186
 -0.180056 0.00181815    0.80504   -1.58923  0.0100267 -0.0168895  0.0176852  0.0477133	3.53157 8.55305
 -0.179952 0.00163914   0.805232   -1.58874  0.0107464 -0.0189129  0.0207573  0.0512217	3.53275 8.55282
 -0.179841 0.00143961   0.805455   -1.58821  0.0114757 -0.0209916  0.0239172  0.0547924	3.53176 8.55096
 -0.179722 0.00121908   0.805711   -1.58764  0.0122117 -0.0231158  0.0271458  0.0584138	3.52825 8.54719
  -0.179596 0.000977128    0.805998    -1.58704   0.0129511   -0.025274   0.0304207   0.0620709	3.52182 8.54122
  -0.179463 0.000713498    0.806319     -1.5864   0.0136895   -0.027452   0.0337147   0.0657449	3.51202 8.53271
  -0.179323 0.000428075    0.806673    -1.58573    0.014422  -0.0296325   0.0369959    0.069413	3.49831 8.52127
  -0.179175 0.000120938    0.807059    -1.58501   0.0151427  -0.0317949   0.0402256   0.0730476	 3.4801 8.50647
    -0.17902 -0.000207609     0.807477     -1.58427    0.0158449   -0.0339145    0.0433579    0.0766166	 3.4567 8.48783
   -0.178858 -0.000556991     0.807925     -1.58348    0.0165209   -0.0359619    0.0463383    0.0800829	3.42737 8.46482
    -0.17869 -0.000926313     0.808402     -1.58266    0.0171624   -0.0379025    0.0491018    0.0834043	3.39127 8.43689
 -0.178515 -0.0013143   0.808906   -1.58181  0.0177604 -0.0396959  0.0515721  0.0865339	 3.3475 8.40343
  -0.178335 -0.00171926    0.809432    -1.58093   0.0183051  -0.0412952   0.0536601   0.0894195	3.29512 8.36381
  -0.178149 -0.00213897    0.809977    -1.58003    0.018786  -0.0426466   0.0552634   0.0920037	3.23316 8.31736
  -0.177959 -0.00257065    0.810534     -1.5791   0.0191922  -0.0436893   0.0562659   0.0942228	3.16065 8.26344
  -0.177766 -0.00301087    0.811098    -1.57815   0.0195115   -0.044355   0.0565387   0.0960059	3.07669 8.20137
   -0.17757 -0.00345549    0.811661    -1.57718   0.0197305  -0.0445689   0.0559426   0.0972722	2.98048 8.13053
  -0.177372 -0.00389958    0.812212     -1.5762   0.0198335  -0.0442497   0.0543323   0.0979269	2.87142 8.05029
  -0.177174 -0.00433739    0.812741    -1.57522   0.0198014  -0.0433116   0.0515626   0.0978556	2.74916  7.9601
  -0.176977 -0.00476228    0.813237    -1.57425   0.0196098  -0.0416658   0.0474981   0.0969161	2.61367 7.85942
  -0.176782 -0.00516672    0.813684    -1.57329   0.0192264  -0.0392231   0.0420245   0.0949269	2.46536  7.7478
  -0.176593 -0.00554232     0.81407    -1.57236   0.0186079  -0.0358972   0.0350641   0.0916545	2.30508 7.62482
  -0.176412 -0.00587985    0.814378    -1.57147   0.0176966   -0.031608   0.0265914   0.0867976	2.13417 7.49013
  -0.176241 -0.00616932    0.814594    -1.57063    0.016416  -0.0262859   0.0166508    0.079972	1.95448 7.34349
  -0.176086 -0.00640013    0.814704    -1.56988    0.014668  -0.0198754  0.00537125   0.0706979	1.76828 7.18481
  -0.175951 -0.00656119    0.814696    -1.56923   0.0123305  -0.0123382 -0.00702456   0.0583938	1.57816 7.01427
  -0.175843 -0.00664116     0.81456    -1.56873  0.00925769 -0.00365534  -0.0202205   0.0423842	1.38686 6.83247
   -0.17577 -0.00662858     0.81429    -1.56841  0.00528511   0.0061725  -0.0338227   0.0219253	  1.197 6.64069
  -0.175743 -0.00651208    0.813884    -1.56832 0.000239486   0.0171275  -0.0473965 -0.00374111	1.01087 6.44116
  -0.175772 -0.00628054    0.813344    -1.56851 -0.00604378     0.02918  -0.0605271  -0.0353017	0.830007  6.23745
   -0.17587 -0.00592315    0.812677    -1.56905   -0.013695   0.0422983  -0.0729108   -0.073247	0.654957  6.03484
  -0.176053 -0.00542935     0.81189    -1.57001  -0.0227756   0.0564615  -0.0844757   -0.117705	0.484863  5.84079
  -0.176333 -0.00478865     0.81099    -1.57144  -0.0332333   0.0716779  -0.0955369    -0.16823	0.317077  5.66552
  -0.176723 -0.00399022    0.809977     -1.5734  -0.0448463   0.0880086   -0.106992   -0.223534	0.146591  5.52279
  -0.177233 -0.00302218    0.808839    -1.57592  -0.0571495      0.1056   -0.120578   -0.281139	-0.0349169    5.43139
  -0.177865 -0.00187053     0.80754    -1.57901  -0.0693325     0.12473   -0.139224   -0.336886	-0.240814   5.41776
  -0.178612 -0.00051749    0.806006    -1.58262  -0.0800851    0.145878   -0.167605   -0.384188	-0.492794   5.52117
  -0.17945 0.00106115   0.804103    -1.5866 -0.0873395   0.169849  -0.213055  -0.412763	-0.827843   5.80779
 -0.180325 0.00290043     0.8016    -1.5907 -0.0877541   0.198006  -0.287441  -0.406006	3.98493 13.2705
